M, A, D, T, LA, HA, LB, HB, LG, MG, NULL, PS
0, 0, 2, 2, 0, 1, 2, 1, 0, 0, , 25
0, 0, 25, 2, 1, 0, 2, 1, 1, 0, , 25
0, 0, 222286, 79730, 34853, 7880, 3949, 7029, 2229, 1911, , 25
0, 0, 934831, 1282912, 239859, 145797, 90930, 280166, 171205, 78836, , 0
0, 0, 209027, 76783, 4859, 1313, 4387, 1907, 3709, 1748, , 0
0, 0, 897563, 220444, 57595, 27274, 1790, 7194, 5013, 9510, , 0
53, 53, 30356, 10570, 7734, 16268, 4842, 19352, 34202, 17470, , 0
69, 51, 786310, 119144, 65523, 81600, 19054, 17386, 36571, 13429, , 0
81, 50, 182218, 202812, 68362, 61911, 15924, 22320, 13412, 10388, , 0
80, 56, 1759699, 82612, 9973, 5461, 13148, 15589, 14763, 9572, , 0
75, 44, 876869, 96441, 37678, 10529, 16110, 14323, 13540, 14759, , 0
67, 43, 1119195, 89829, 23772, 27994, 2158, 6910, 3632, 14821, , 0
60, 43, 425945, 34490, 3879, 4903, 2607, 3174, 7065, 2268, , 0
75, 34, 600958, 148796, 89544, 48386, 47420, 10147, 16124, 15729, , 0
77, 30, 855668, 95458, 26924, 19584, 11596, 11122, 10450, 7962, , 0
80, 40, 300242, 23842, 10890, 17943, 15874, 9211, 11896, 4760, , 0
91, 44, 101225, 23297, 14616, 15969, 9386, 7987, 6349, 5626, , 0
75, 54, 82217, 69956, 8443, 4402, 9348, 13476, 17365, 27599, , 0
64, 53, 612325, 221901, 19657, 17250, 32654, 16187, 9338, 20939, , 0
44, 44, 255938, 28334, 1102, 2161, 1140, 1558, 1857, 1014, , 0
40, 43, 1878925, 216518, 83263, 49641, 16419, 44279, 23804, 9950, , 0
54, 38, 590948, 200850, 127321, 31774, 36233, 28094, 45466, 38427, , 0
69, 43, 1154177, 62926, 16248, 32635, 5726, 12614, 9558, 11928, , 0
87, 57, 577392, 8242, 11534, 3176, 10803, 9266, 5990, 7655, , 0
64, 57, 1655109, 1131119, 60252, 17618, 50941, 157159, 98597, 35240, , 0
57, 64, 893833, 101960, 18906, 19644, 10549, 28765, 22326, 13195, , 0
47, 61, 951756, 254771, 48271, 5375, 16145, 21390, 14392, 12192, , 0
41, 53, 81430, 56319, 9927, 15209, 6902, 11967, 19741, 3383, , 0
47, 38, 382095, 306775, 22590, 6283, 8470, 4148, 15492, 9333, , 0
44, 26, 172575, 48473, 1594, 8769, 1541, 2229, 990, 1085, , 0
44, 24, 539992, 13010, 1481, 1593, 1528, 729, 192, 200, , 0
35, 11, 299059, 394840, 12441, 31491, 8685, 8646, 4910, 6760, , 0
43, 26, 338264, 233763, 31995, 52474, 54731, 39557, 15369, 10795, , 0
44, 29, 446400, 111222, 15809, 16096, 9569, 10699, 15217, 9314, , 0
54, 41, 938390, 10590, 6195, 3332, 982, 3962, 2291, 2288, , 0
67, 54, 81168, 36507, 17467, 11146, 20320, 10687, 8389, 9238, , 0
70, 51, 937974, 289931, 75511, 71779, 54090, 29377, 17518, 7024, , 0
75, 43, 506174, 167225, 37493, 19976, 16171, 6001, 8378, 6154, , 0
69, 38, 96588, 74467, 6913, 24077, 19552, 9063, 20942, 5957, , 0
78, 35, 33389, 21963, 22545, 12311, 6216, 5673, 9721, 9705, , 0
90, 41, 8966, 7309, 6280, 7306, 1648, 3533, 8667, 9470, , 0
88, 48, 708862, 62468, 14044, 9723, 9950, 7020, 6877, 7730, , 0
93, 54, 39730, 19321, 8539, 14756, 13871, 9976, 7887, 4448, , 0
91, 61, 11268, 9931, 9639, 11812, 6094, 8809, 6527, 2267, , 0
0, 0, 1771, 742, 230, 136, 87, 65, 18, 10, , 25
0, 0, 3, 1, 0, 0, 1, 0, 1, 0, , 25
0, 0, 577738, 325801, 44930, 12166, 7809, 8167, 7454, 8396, , 25
0, 0, 7297, 9483, 3151, 14361, 3636, 10423, 3920, 2230, , 0
0, 0, 291883, 4202, 6029, 7130, 2565, 570, 1168, 560, , 0
0, 0, 38929, 73612, 8009, 6465, 10473, 4760, 2634, 2005, , 0
37, 41, 21829, 33460, 4628, 8113, 5731, 5398, 2545, 2844, , 0
38, 53, 24668, 15425, 14261, 2177, 4160, 9113, 4626, 3276, , 0
27, 67, 18504, 14665, 1456, 2034, 5382, 7996, 5575, 3556, , 0
10, 70, 301505, 136341, 4868, 1600, 11491, 18476, 14043, 8528, , 0
11, 80, 1167216, 37457, 8223, 11271, 10383, 15178, 21254, 18586, , 0
8, 63, 1284716, 57809, 9821, 9632, 4122, 2851, 2708, 2672, , 0
16, 37, 109278, 72543, 8908, 11363, 4845, 2292, 4905, 2829, , 0
23, 26, 898474, 503842, 27781, 15372, 17991, 22399, 12148, 10750, , 0
23, 27, 198174, 21496, 7914, 4903, 4123, 13084, 4536, 3875, , 0
24, 34, 1737991, 330679, 97374, 25368, 23385, 29415, 28030, 6727, , 0
13, 41, 1895879, 298742, 10230, 10736, 10831, 16708, 18812, 11298, , 0
21, 38, 202018, 243778, 12337, 44949, 11554, 7974, 5778, 7177, , 0
26, 26, 743714, 18994, 9822, 4914, 5348, 3438, 1278, 2009, , 0
34, 24, 1420220, 61505, 37975, 19606, 7399, 7103, 12049, 6871, , 0
34, 24, 398522, 11993, 5981, 6127, 3771, 1353, 1071, 1416, , 26
35, 26, 231196, 91756, 5570, 3916, 8506, 7109, 6995, 4781, , 0
34, 26, 739617, 278039, 23044, 20319, 7710, 7968, 8894, 19880, , 0
23, 16, 96340, 103828, 17683, 1596, 2097, 3781, 3340, 4557, , 0
17, 23, 1312932, 124973, 17858, 58646, 58439, 24125, 26690, 26887, , 0
17, 16, 100260, 32266, 2518, 941, 1459, 1278, 1703, 650, , 0
23, 27, 256914, 33355, 5251, 4489, 1698, 4492, 4064, 2073, , 0
20, 35, 258387, 45544, 1189, 4886, 4353, 3240, 2808, 1725, , 0
21, 38, 1866963, 245202, 99498, 37317, 18709, 61666, 37617, 35676, , 0
34, 43, 278628, 28041, 7351, 7286, 2560, 2270, 1852, 2020, , 0
41, 41, 1002729, 54293, 11311, 31764, 9889, 8458, 9275, 2433, , 0
51, 43, 512280, 271088, 65391, 49404, 31773, 25881, 46312, 24515, , 0
53, 43, 676098, 46205, 31088, 7669, 5357, 15608, 13103, 4757, , 0
60, 56, 1704304, 32696, 57530, 23901, 14329, 25587, 12548, 12146, , 0
57, 67, 2218788, 223195, 139651, 154105, 169457, 180423, 102991, 49912, , 0
51, 75, 194985, 29670, 4297, 2461, 7493, 6071, 4022, 4230, , 0
57, 69, 477160, 57269, 62980, 31527, 12995, 15660, 7013, 18675, , 0
48, 75, 57175, 32038, 13945, 8327, 5929, 23959, 7582, 10543, , 0
41, 63, 161815, 79823, 16437, 9785, 17264, 9078, 8266, 9314, , 0
43, 54, 147891, 88312, 10019, 8808, 12949, 6942, 3759, 1300, , 0
30, 48, 792636, 64157, 7371, 18444, 7073, 4074, 3534, 6198, , 0
35, 27, 131554, 40257, 12411, 7068, 3506, 2655, 1360, 1488, , 0
34, 26, 333422, 38779, 3373, 4885, 2336, 3184, 1222, 798, , 0
41, 30, 428304, 22545, 8780, 8083, 8852, 4693, 3651, 2070, , 0
41, 30, 1101156, 371271, 17647, 64723, 12519, 21913, 6182, 9203, , 26
44, 30, 875012, 31326, 6677, 9965, 2107, 2164, 1448, 1989, , 0
35, 37, 588960, 290491, 17651, 25875, 12395, 27814, 59758, 12719, , 0
37, 43, 807856, 553180, 65686, 127227, 67793, 108747, 48914, 22082, , 0
37, 40, 1649738, 131816, 41083, 28787, 16095, 15256, 13398, 4254, , 0
27, 66, 171684, 17414, 6722, 7267, 8305, 40020, 10028, 11328, , 0
26, 66, 493260, 135829, 6762, 9849, 21299, 11134, 13644, 10787, , 0
35, 60, 319218, 117485, 40953, 85076, 45788, 16688, 20393, 14487, , 0
27, 60, 319751, 90958, 7065, 18951, 15570, 8198, 3177, 5306, , 0
43, 37, 1034607, 72670, 46535, 78078, 57813, 16841, 14993, 10938, , 0
53, 35, 675901, 308442, 108073, 38116, 70841, 26140, 40467, 31680, , 0
38, 29, 235896, 1222152, 46647, 155754, 78318, 50381, 172431, 20725, , 0
53, 35, 306979, 28901, 27016, 59692, 22766, 15899, 16900, 11376, , 0
44, 51, 14541, 8198, 6260, 3917, 9826, 10350, 9094, 8489, , 0
43, 69, 93759, 20032, 2259, 8529, 7666, 15562, 6907, 4945, , 0
54, 93, 9031, 7424, 4299, 10876, 4583, 12587, 18825, 8291, , 0
50, 100, 12622, 3736, 3860, 9675, 5902, 11502, 11092, 12021, , 0
53, 93, 295052, 41620, 25483, 12008, 13190, 10170, 6327, 6109, , 0
60, 96, 44228, 2471, 6391, 3540, 8351, 9610, 10754, 7117, , 0
63, 83, 831733, 78469, 44340, 55470, 15767, 19414, 15713, 14810, , 0
57, 69, 226317, 21534, 8459, 2217, 2853, 4511, 7146, 3521, , 0
50, 60, 540518, 137682, 8578, 22406, 5395, 6881, 7115, 4236, , 0
47, 40, 152331, 162559, 45353, 24067, 22175, 17920, 21347, 32778, , 0
37, 43, 1335370, 135077, 49843, 35229, 101117, 31858, 44293, 35443, , 0
17, 43, 2341818, 818515, 11728, 41488, 140579, 117521, 97710, 47734, , 0
21, 37, 383961, 21214, 6045, 1528, 1293, 523, 611, 514, , 0
17, 44, 424452, 47243, 4318, 10797, 5789, 12798, 25170, 6335, , 0
20, 53, 14988, 16532, 4418, 9145, 8929, 13794, 11689, 8534, , 0
27, 51, 460484, 122670, 11559, 5543, 6394, 15616, 17825, 12981, , 0
24, 70, 41866, 35507, 2627, 9696, 11224, 8347, 33077, 15863, , 0
16, 60, 61019, 79193, 5483, 1626, 7179, 4056, 1211, 1846, , 0
14, 47, 114687, 206867, 48024, 25683, 27339, 25079, 8476, 13543, , 0
23, 54, 51065, 21848, 2771, 13539, 11734, 13216, 3755, 20794, , 0
26, 56, 75954, 64394, 15666, 18920, 25718, 20619, 21533, 2682, , 0
37, 53, 171515, 59516, 12058, 5377, 4643, 2390, 2952, 1482, , 0
37, 50, 554513, 158488, 29920, 14283, 4942, 14081, 8416, 13106, , 0
27, 44, 96201, 97578, 4729, 12481, 7454, 20692, 8861, 11476, , 0
27, 34, 859418, 151836, 42708, 17951, 6783, 11820, 6665, 11906, , 0
29, 57, 35628, 15186, 11173, 2783, 11408, 18421, 8317, 9891, , 0
26, 67, 63763, 65968, 7377, 6916, 9012, 14841, 11110, 9492, , 0
37, 83, 191866, 26393, 33363, 98453, 156868, 155907, 18974, 17016, , 0
38, 100, 62009, 9544, 10305, 6755, 8904, 19741, 9868, 13111, , 0
34, 78, 710778, 356726, 22396, 39287, 9275, 9377, 7741, 4589, , 0
38, 77, 348083, 33684, 6271, 4286, 2712, 6964, 2085, 1164, , 0
40, 56, 1395464, 259229, 198573, 16855, 78433, 53450, 29628, 8184, , 0
40, 37, 109398, 73331, 21864, 10266, 6609, 6745, 5825, 4632, , 0
50, 47, 803960, 61043, 35651, 15496, 7747, 8750, 9788, 2818, , 0
64, 40, 180930, 2476, 6518, 1048, 2108, 646, 729, 933, , 0
57, 26, 638744, 149487, 19714, 28272, 4109, 5408, 10185, 6146, , 0
63, 40, 2746538, 25162, 10956, 60985, 46283, 28394, 32981, 22521, , 0
44, 47, 1855465, 214331, 6615, 12174, 19608, 47520, 22548, 11850, , 0
27, 70, 17388, 8319, 5559, 4907, 13639, 26267, 33262, 12057, , 0
24, 93, 394975, 24412, 4971, 2261, 6179, 11111, 14665, 2619, , 0
13, 83, 1150340, 141946, 18563, 14054, 8180, 15180, 16000, 6563, , 0
17, 69, 483764, 212071, 16009, 13811, 35113, 10902, 32260, 15590, , 0
26, 56, 801918, 32426, 21324, 12053, 5870, 16006, 5727, 28171, , 0
37, 54, 95589, 37724, 25776, 20288, 20250, 22797, 15724, 18280, , 0
38, 60, 695144, 26607, 7192, 1529, 6756, 5908, 6531, 3636, , 0
47, 66, 353508, 162659, 46707, 11365, 17731, 20963, 28987, 7598, , 0
38, 57, 2018559, 103051, 3914, 29601, 17837, 13339, 7583, 2983, , 0
40, 51, 336887, 40887, 18074, 27076, 12596, 10244, 8635, 5121, , 0
47, 61, 48868, 11322, 4664, 19022, 21026, 18218, 11969, 7014, , 0
50, 66, 252401, 27553, 12942, 3595, 3089, 7051, 1936, 2439, , 0
48, 80, 28038, 45059, 17442, 5936, 24974, 33332, 13946, 15000, , 0
44, 78, 1643753, 525173, 130808, 154164, 38471, 77393, 23867, 38696, , 0
50, 69, 233370, 24441, 13678, 21259, 9708, 10502, 21476, 11291, , 0
48, 77, 46193, 56805, 9895, 24130, 9920, 32725, 22467, 13235, , 0
48, 61, 195462, 43854, 4602, 8468, 5871, 5037, 3511, 2140, , 0
48, 61, 1405048, 212054, 109424, 6145, 36316, 29750, 19376, 4801, , 0
40, 66, 162304, 34580, 5289, 21778, 25098, 19661, 15688, 10604, , 0
41, 74, 6587, 8180, 8624, 19094, 27871, 31636, 19150, 10008, , 0
53, 88, 11901, 9559, 17362, 17402, 6179, 19566, 24360, 17639, , 0
48, 84, 2006852, 432829, 20953, 87894, 45779, 43646, 19895, 17602, , 0
51, 83, 567568, 44496, 23190, 21208, 14711, 18070, 9948, 9837, , 0
41, 64, 302696, 196504, 14797, 18755, 33480, 30544, 17796, 13777, , 0
34, 51, 676293, 16380, 2202, 6877, 9760, 2406, 2509, 1111, , 0
43, 51, 1457616, 16074, 5579, 13778, 7030, 2682, 3816, 1038, , 0
41, 41, 307099, 44248, 10984, 11356, 7730, 3981, 7693, 1775, , 0
47, 29, 553917, 165562, 31046, 13428, 6020, 7321, 14206, 3001, , 0
37, 21, 368815, 106429, 7959, 4311, 9334, 4005, 26319, 7875, , 0
30, 30, 141294, 45116, 23871, 12141, 5960, 18850, 17027, 17892, , 0
24, 24, 647520, 54239, 5542, 4160, 3401, 1583, 4889, 1132, , 0
34, 30, 1550550, 43037, 28497, 13998, 10832, 6678, 6693, 3682, , 0
50, 37, 1556614, 80859, 45400, 27006, 8357, 10441, 8089, 6528, , 0
56, 23, 2357380, 70317, 70877, 11329, 9279, 7131, 12293, 3104, , 0
63, 27, 440782, 80264, 23175, 12986, 4878, 5140, 6584, 10955, , 0
54, 14, 1138409, 703996, 103217, 66483, 23950, 14862, 26397, 13244, , 0
53, 23, 419639, 33563, 17050, 16761, 13454, 13245, 13371, 12286, , 0
40, 17, 930251, 436227, 50658, 55243, 7310, 16265, 19762, 15456, , 0
40, 27, 214515, 99039, 52139, 17720, 43436, 23519, 14770, 28065, , 0
47, 43, 100604, 140017, 65857, 26535, 20736, 24305, 25518, 22645, , 0
37, 41, 823777, 91830, 14331, 2999, 3998, 14730, 9831, 3128, , 0
41, 47, 1683073, 75436, 16171, 28471, 24339, 6245, 5195, 3115, , 0
37, 44, 611733, 44066, 6439, 6154, 3440, 6098, 9100, 3356, , 0
40, 47, 256745, 50557, 33443, 47714, 32036, 20438, 9834, 22180, , 0
44, 51, 1174098, 71713, 17008, 8315, 9495, 18969, 10976, 6039, , 0
43, 60, 221280, 39340, 11910, 9539, 11163, 8550, 4541, 3254, , 0
43, 53, 1134975, 24851, 5423, 1529, 2324, 1734, 745, 379, , 0
43, 66, 63715, 2170, 5687, 2565, 2870, 6936, 2480, 4389, , 0
47, 81, 28623, 11232, 9747, 13348, 8034, 37845, 19893, 11913, , 0
44, 94, 38413, 17834, 6297, 7837, 8812, 24509, 24952, 12000, , 0
44, 100, 10943, 19312, 6534, 4317, 8814, 18031, 10995, 12854, , 0
40, 100, 133432, 51053, 37282, 10882, 16261, 32777, 18447, 28788, , 0
38, 91, 116420, 17352, 4995, 2806, 4884, 3272, 960, 981, , 0
48, 87, 964264, 17352, 38396, 9353, 9804, 24705, 13951, 10358, , 0
