M, A, D, T, LA, HA, LB, HB, LG, MG, NULL, PS
0, 0, 2, 1, 1, 0, 0, 0, 0, 0, , 25
0, 0, 1, 0, 0, 1, 1, 0, 1, 0, , 25
0, 0, 449410, 333227, 78769, 15854, 4275, 8060, 10158, 15548, , 25
0, 0, 14662, 2486, 4159, 3877, 7183, 6650, 4759, 1459, , 0
0, 0, 4476, 7217, 3592, 1541, 7365, 5679, 3703, 2939, , 0
0, 0, 6368, 10472, 3529, 2524, 2853, 4250, 1536, 2281, , 0
51, 30, 3600, 8589, 5130, 8736, 4336, 3745, 6373, 3591, , 0
66, 16, 10938, 12278, 7722, 14849, 10351, 4577, 4873, 4138, , 0
69, 23, 21120, 8964, 5342, 4916, 6569, 8001, 5551, 2254, , 0
61, 4, 64886, 117601, 22566, 15681, 10777, 5598, 4014, 3956, , 0
63, 21, 8024, 7484, 476, 15077, 5251, 7066, 2524, 3141, , 0
41, 29, 113050, 44673, 6796, 17864, 30617, 6675, 6095, 2306, , 0
29, 7, 233965, 94186, 20936, 7298, 10791, 5283, 5985, 5933, , 0
41, 21, 2113, 29972, 9001, 7395, 1278, 5383, 8354, 4664, , 0
29, 26, 6213, 9078, 1542, 9987, 6997, 8567, 3038, 3468, , 0
47, 40, 6450, 6936, 5012, 8975, 5013, 6695, 2343, 1694, , 0
41, 50, 42825, 38628, 1077, 9905, 12114, 4716, 8802, 3490, , 0
37, 48, 272317, 59297, 28534, 1414, 7231, 8315, 4455, 2735, , 0
34, 43, 2912, 17226, 2385, 8173, 3984, 7273, 2467, 8000, , 0
24, 43, 5359, 8662, 3181, 4906, 2597, 5721, 2392, 3816, , 0
38, 54, 3534, 10049, 6698, 1083, 7627, 4225, 2894, 2946, , 0
60, 56, 220462, 9623, 13893, 3362, 2582, 3108, 1110, 900, , 0
60, 48, 2277, 10383, 4300, 3920, 9718, 2853, 4023, 5610, , 0
57, 44, 99458, 17035, 12538, 3414, 13345, 9212, 3571, 2989, , 0
64, 27, 24820, 31018, 13076, 10382, 9593, 3372, 3952, 4900, , 0
51, 30, 2250, 11274, 2777, 8537, 4088, 3165, 3938, 3552, , 0
57, 40, 18750, 9378, 6087, 4454, 4836, 5949, 4979, 3037, , 0
53, 38, 63239, 31995, 14641, 3165, 11803, 11803, 7107, 5427, , 0
61, 54, 34994, 4173, 8796, 9039, 15142, 4609, 11245, 3831, , 0
41, 66, 672694, 25887, 8707, 2432, 4878, 14986, 2085, 4554, , 0
30, 41, 220518, 102019, 13589, 26974, 10245, 5164, 3950, 3632, , 0
24, 41, 9424, 20936, 5465, 2620, 5390, 6687, 10247, 10498, , 0
10, 43, 4374, 14675, 3888, 6285, 4389, 7007, 4978, 7190, , 0
30, 44, 5322, 4961, 2176, 7484, 3769, 6365, 4703, 6928, , 0
17, 70, 2983, 11490, 2068, 1865, 5252, 5905, 14316, 3393, , 0
35, 81, 9015, 7474, 2043, 6891, 2528, 8271, 9647, 2235, , 0
53, 75, 11376, 21782, 18983, 12494, 1850, 9106, 6414, 3323, , 0
51, 69, 16496, 13856, 18533, 4666, 13006, 11875, 4340, 5367, , 0
78, 77, 7609, 7726, 9437, 5642, 2285, 12850, 6329, 6246, , 0
69, 64, 15064, 36116, 6823, 7889, 2824, 9650, 11074, 5815, , 0
54, 78, 7101, 7885, 3362, 7351, 4255, 9494, 3710, 7630, , 0
34, 75, 22148, 33302, 2354, 6515, 3372, 9693, 6299, 6658, , 0
17, 69, 70151, 8717, 2295, 3382, 6268, 5260, 4720, 2706, , 0
11, 66, 33525, 28989, 4500, 4808, 3115, 6052, 4405, 2973, , 0
30, 44, 194406, 16554, 22286, 44030, 10358, 6866, 3534, 5518, , 0
41, 27, 488747, 99355, 5292, 36768, 8155, 9208, 17002, 3270, , 0
29, 1, 277294, 503430, 58457, 19425, 38461, 21351, 18907, 6407, , 0
50, 8, 421623, 53383, 183078, 119716, 228766, 87563, 30659, 11499, , 0
29, 16, 296919, 44905, 10719, 22566, 8889, 13058, 18887, 18771, , 0
16, 26, 229816, 112147, 4683, 6553, 18881, 17665, 16819, 12799, , 0
35, 38, 69609, 28908, 7188, 5208, 3996, 4444, 4324, 2075, , 0
29, 34, 41577, 36808, 18878, 10297, 16487, 12087, 4878, 2610, , 0
24, 37, 467165, 41640, 15220, 2534, 14163, 12933, 16062, 11532, , 0
30, 51, 4103, 34884, 3178, 3287, 5993, 19534, 6154, 9302, , 0
35, 70, 4437, 6285, 8425, 2773, 8404, 10753, 5796, 6639, , 0
37, 63, 19489, 44758, 17001, 15074, 6626, 6295, 4486, 8849, , 0
35, 69, 36168, 21432, 3716, 5045, 8204, 10318, 7265, 8531, , 0
56, 54, 4920, 23907, 13120, 3544, 2201, 5400, 4466, 4121, , 0
74, 37, 15135, 11318, 29072, 6991, 6945, 5735, 7502, 3732, , 0
63, 43, 17132, 26851, 3666, 6206, 6733, 4856, 6126, 2424, , 0
70, 41, 6739, 7889, 6177, 4261, 10204, 6052, 4708, 2199, , 0
70, 30, 228025, 63704, 35473, 10250, 6453, 6824, 8362, 1894, , 0
51, 35, 117451, 20460, 1949, 9203, 7801, 4863, 7120, 4112, , 0
0, 0, 2777, 1239, 357, 256, 207, 93, 33, 26, , 25
0, 0, 2, 0, 0, 0, 1, 0, 1, 0, , 25
0, 0, 79638, 54018, 21341, 5502, 6530, 3435, 2593, 3484, , 25
0, 0, 40116, 22086, 10127, 7689, 3743, 977, 677, 624, , 0
0, 0, 1395967, 137953, 2619, 10261, 2737, 3524, 2330, 1268, , 0
0, 0, 1994181, 355410, 15538, 7798, 11169, 4684, 2478, 2547, , 0
37, 51, 344324, 242349, 5706, 21944, 8267, 9088, 3567, 2479, , 0
43, 75, 47902, 37172, 5053, 15563, 16513, 8359, 2961, 1649, , 0
41, 91, 92234, 88833, 6141, 6320, 6048, 7987, 3660, 1719, , 0
47, 94, 26231, 89316, 13817, 16321, 14947, 4419, 3215, 2657, , 0
60, 100, 33694, 10771, 5761, 6074, 9246, 6295, 3618, 1412, , 0
74, 100, 9946, 9987, 16998, 8104, 4584, 6476, 1757, 1751, , 0
70, 88, 168041, 104489, 7456, 5339, 7923, 6916, 2796, 3982, , 0
77, 88, 29530, 47425, 13313, 12861, 3208, 3608, 2351, 1534, , 0
78, 69, 52430, 46857, 21025, 18162, 7760, 5117, 1852, 2715, , 0
63, 74, 61238, 42069, 10489, 8760, 25324, 14750, 4739, 1986, , 0
78, 78, 54217, 40034, 34224, 5113, 23570, 7155, 3878, 2741, , 0
84, 81, 46052, 29495, 16821, 17122, 6961, 4046, 4184, 5672, , 0
78, 83, 108506, 84233, 8147, 22712, 16105, 8058, 3578, 1776, , 0
77, 63, 727399, 186860, 24066, 18455, 23397, 11979, 3825, 2194, , 0
56, 60, 45482, 85190, 3394, 1937, 5765, 6109, 3015, 4448, , 0
47, 66, 12925, 78782, 29999, 18719, 34144, 14894, 1804, 3456, , 0
51, 77, 15429, 34426, 4604, 18814, 2542, 9984, 2888, 2469, , 0
63, 88, 24436, 7821, 14026, 449, 11565, 2717, 1434, 2756, , 0
84, 88, 729815, 89889, 45431, 15505, 13710, 9841, 5236, 2951, , 0
90, 78, 1218361, 23099, 7775, 23533, 26229, 2989, 2668, 2045, , 0
88, 69, 132455, 18969, 4254, 5306, 2755, 2045, 791, 397, , 0
84, 57, 64331, 143841, 59585, 22710, 15594, 10284, 2542, 2762, , 0
70, 53, 526052, 189005, 13126, 14396, 15909, 8224, 4876, 2143, , 0
77, 63, 608346, 27777, 28194, 15758, 8482, 7894, 2625, 5150, , 0
81, 77, 16371, 12291, 9408, 7121, 3733, 7391, 2884, 2512, , 0
91, 77, 12541, 27030, 41860, 18944, 7957, 3708, 2135, 1206, , 0
100, 84, 16720, 9607, 24404, 39949, 12070, 6509, 1488, 2163, , 0
100, 88, 22376, 21798, 4713, 5017, 8978, 5214, 10148, 2254, , 0
97, 70, 11079, 47389, 24578, 6044, 10737, 4243, 1682, 1262, , 0
81, 93, 62546, 15520, 4845, 2885, 5541, 7035, 2622, 1992, , 0
70, 96, 5902, 15602, 5064, 13922, 8090, 3752, 2220, 1987, , 0
80, 96, 11179, 16813, 8207, 11513, 3500, 5876, 2595, 2289, , 0
69, 100, 34163, 29615, 2503, 3282, 2972, 4690, 2685, 2014, , 0
75, 83, 207017, 121717, 58620, 11475, 14169, 7171, 5476, 4431, , 0
69, 91, 203391, 7937, 740, 4431, 2688, 2341, 381, 262, , 0
66, 83, 2093654, 114813, 42719, 22071, 8092, 14374, 3210, 3742, , 0
81, 80, 566990, 9648, 5586, 3817, 497, 1855, 1044, 1901, , 0
74, 97, 85041, 14193, 3463, 2620, 10097, 3679, 1054, 947, , 0
77, 100, 127786, 20751, 15891, 2659, 6525, 8258, 18896, 8929, , 0
74, 100, 34580, 24184, 10367, 2715, 8338, 6740, 3186, 3418, , 0
64, 100, 159964, 23112, 7201, 1772, 1884, 4377, 796, 954, , 0
64, 100, 202236, 105676, 22195, 12176, 13916, 14374, 4213, 5287, , 0
63, 90, 115817, 45074, 3270, 20894, 6400, 4757, 4006, 3946, , 0
66, 81, 226114, 62616, 9201, 24069, 6512, 7756, 3650, 8629, , 0
69, 84, 1320840, 335500, 160562, 220781, 316900, 117732, 10127, 6315, , 0
80, 81, 72219, 42696, 19676, 16230, 4677, 6383, 2962, 5408, , 0
90, 94, 5812, 4133, 8972, 8516, 4394, 3855, 1798, 3109, , 0
96, 100, 143459, 16536, 19619, 11514, 6139, 10401, 2758, 6636, , 0
88, 96, 35293, 53189, 11209, 4102, 7476, 5451, 3185, 2126, , 0
88, 100, 9380, 9774, 6678, 6714, 5144, 5753, 3898, 2074, , 0
84, 100, 47515, 10088, 10663, 9957, 5203, 9224, 2835, 5201, , 0
75, 100, 94659, 37072, 13787, 8751, 13542, 19827, 8060, 7798, , 0
83, 100, 336693, 53016, 10530, 31148, 11069, 5662, 4934, 6634, , 0
69, 94, 302889, 76770, 8919, 7226, 10030, 5767, 5634, 6459, , 0
63, 94, 19511, 12038, 3926, 3886, 2524, 6870, 3076, 4972, , 0
69, 80, 8314, 17161, 11982, 4310, 3260, 3501, 3034, 3106, , 0
63, 70, 215992, 265573, 72401, 13982, 30032, 11090, 1841, 6324, , 0
75, 78, 226440, 29252, 23497, 9988, 19515, 6726, 5205, 10972, , 0
70, 53, 109975, 54282, 11953, 5855, 2736, 2622, 715, 1511, , 0
63, 64, 94518, 17336, 820, 5501, 1353, 5865, 2911, 1315, , 0
64, 81, 2268113, 141782, 32844, 22253, 12852, 27466, 9945, 4330, , 0
66, 78, 16750, 28332, 28109, 5797, 4867, 5497, 4743, 4890, , 0
80, 87, 664868, 33520, 57551, 4996, 13370, 6821, 15403, 4896, , 0
80, 87, 1935, 23529, 1809, 8401, 1790, 9667, 6248, 2970, , 0
74, 69, 106178, 59329, 5990, 3119, 3758, 2240, 859, 503, , 0
63, 77, 61920, 9523, 2281, 2061, 2563, 1828, 830, 801, , 0
63, 77, 641617, 196333, 283660, 100475, 69101, 133978, 121312, 61408, , 25
63, 77, 70, 6, 1, 7, 4, 6, 0, 1, , 25
63, 77, 810047, 58814, 9489, 3498, 7922, 2680, 3393, 925, , 25
63, 77, 22955, 24873, 13963, 7995, 2714, 648, 337, 27, , 25
63, 77, 672137, 16932, 5865, 6541, 357, 850, 98, 145, , 25
63, 77, 1, 1, 2, 1, 0, 0, 1, 0, , 25
63, 77, 8, 1, 1, 0, 1, 0, 1, 0, , 25
63, 77, 20, 2, 0, 3, 0, 1, 1, 0, , 25
63, 77, 397, 87, 24, 32, 24, 8, 9, 13, , 25
41, 51, 72314, 33466, 2012, 1772, 685, 294, 151, 354, , 0
29, 23, 118988, 141794, 3504, 10289, 2610, 3083, 1677, 979, , 0
24, 41, 48494, 50521, 2330, 2593, 2497, 8938, 1639, 1964, , 0
23, 40, 332102, 31966, 10223, 1510, 4241, 5328, 1546, 421, , 0
35, 67, 298721, 128458, 55883, 7111, 19492, 20293, 5003, 2363, , 0
51, 78, 247079, 110045, 18637, 43486, 13699, 10010, 6327, 4627, , 0
57, 60, 127774, 184378, 26016, 7207, 12954, 6637, 2389, 2511, , 0
51, 54, 349364, 63618, 4576, 3649, 7453, 5409, 3168, 2462, , 0
50, 66, 32061, 17674, 9760, 4706, 17567, 10930, 4462, 7695, , 0
48, 75, 826911, 37886, 13643, 8154, 8401, 7339, 19140, 15777, , 0
47, 88, 77380, 156495, 14791, 17873, 30613, 17310, 5578, 6964, , 0
60, 81, 122903, 67003, 15223, 24920, 4652, 4546, 4486, 9333, , 0
57, 66, 33167, 119825, 15705, 20458, 6459, 13994, 7760, 4698, , 0
50, 54, 821362, 100926, 2482, 13581, 846, 4617, 2286, 3303, , 0
60, 44, 335927, 51168, 22880, 5626, 5527, 3071, 2229, 588, , 0
60, 44, 201312, 17555, 3004, 7967, 2204, 3856, 1070, 1236, , 26
66, 63, 303455, 15740, 3808, 26572, 4230, 9275, 3430, 918, , 0
77, 63, 548189, 101786, 43893, 61003, 12169, 18697, 6183, 5436, , 0
87, 63, 671500, 175349, 44073, 64837, 23384, 11834, 21471, 25636, , 0
81, 67, 2763274, 211125, 14391, 42502, 12360, 14676, 11290, 3261, , 0
78, 43, 1246969, 142430, 96607, 30793, 15051, 6983, 6508, 7689, , 0
61, 50, 1412161, 64666, 6172, 7688, 28459, 13633, 6845, 7698, , 0
64, 50, 250385, 30275, 19023, 8245, 2130, 2475, 2445, 2061, , 0
51, 50, 33801, 16193, 115, 800, 810, 873, 1001, 410, , 0
50, 74, 830381, 50979, 4823, 43173, 5146, 24136, 8007, 5335, , 0
57, 48, 1758675, 409527, 95323, 37071, 28310, 8682, 6395, 14308, , 0
56, 50, 467771, 7071, 2192, 4263, 2372, 724, 1083, 1079, , 0
63, 47, 659405, 142804, 9192, 7140, 5534, 5492, 10417, 3632, , 0
57, 41, 820767, 37376, 4846, 19267, 14320, 8404, 10420, 4672, , 0
69, 61, 508404, 189155, 185551, 104443, 34039, 51766, 97926, 19063, , 0
67, 67, 427619, 34379, 11509, 15297, 7450, 5403, 6905, 2912, , 0
81, 80, 293372, 34397, 17715, 4753, 7154, 5670, 3240, 2128, , 0
87, 69, 685596, 26264, 15124, 12622, 16018, 3147, 10732, 3138, , 0
91, 64, 3500910, 270522, 376972, 179007, 24882, 54199, 39944, 39744, , 0
94, 67, 620157, 17087, 14586, 9049, 3120, 4428, 4405, 1499, , 0
83, 57, 2336840, 512056, 47606, 33002, 21599, 28426, 21730, 21995, , 0
75, 60, 211931, 96951, 26229, 1187, 4601, 8615, 10181, 13193, , 0
54, 64, 615481, 21880, 747, 3985, 2475, 2612, 3214, 893, , 0
51, 54, 176793, 16654, 10431, 990, 1744, 1250, 2599, 1289, , 0
69, 67, 890861, 23997, 28433, 11488, 6575, 9499, 4214, 3989, , 0
67, 74, 852992, 320500, 52030, 43767, 36951, 43460, 30748, 18932, , 0
87, 67, 2011678, 108807, 94704, 77294, 16912, 18874, 19903, 5015, , 0
81, 81, 303498, 191975, 79374, 25558, 14068, 46827, 25571, 8557, , 0
69, 63, 2009913, 305422, 5319, 83044, 25581, 11683, 5006, 1001, , 0
77, 43, 631924, 48169, 23192, 5092, 2330, 1400, 1612, 1482, , 0
