M, A, D, T, LA, HA, LB, HB, LG, MG
0.0, 0.0, 7407.0, 5579.0, 514.0, 4392.0, 1403.0, 3285.0, 1216.0, 1551.0
0.0, 0.0, 6018.0, 3617.0, 254.0, 5647.0, 4107.0, 5637.0, 1477.0, 1174.0
0.0, 0.0, 2623.0, 10757.0, 908.0, 4803.0, 3425.0, 3452.0, 844.0, 1155.0
30.0, 30.0, 1314742.0, 187903.0, 18711.0, 12288.0, 3788.0, 5760.0, 1972.0, 2915.0
48.0, 27.0, 446233.0, 140385.0, 71085.0, 14897.0, 5700.0, 12327.0, 9949.0, 7519.0
48.0, 30.0, 511847.0, 100945.0, 12483.0, 23532.0, 15860.0, 19997.0, 9236.0, 9929.0
57.0, 30.0, 1097163.0, 59628.0, 23868.0, 9061.0, 17134.0, 9125.0, 7812.0, 1389.0
88.0, 40.0, 767797.0, 8891.0, 6860.0, 3955.0, 4716.0, 1653.0, 1027.0, 773.0
66.0, 41.0, 969457.0, 153689.0, 23845.0, 11989.0, 24136.0, 16003.0, 29794.0, 13717.0
66.0, 34.0, 2541502.0, 480968.0, 102854.0, 43303.0, 49865.0, 26092.0, 40324.0, 22262.0
75.0, 35.0, 182755.0, 32488.0, 17684.0, 8643.0, 4018.0, 6612.0, 2839.0, 5074.0
67.0, 30.0, 373773.0, 119253.0, 43253.0, 29047.0, 9309.0, 8381.0, 2576.0, 4364.0
83.0, 34.0, 30803.0, 23967.0, 8110.0, 7837.0, 8426.0, 5505.0, 5488.0, 7161.0
77.0, 50.0, 38377.0, 9516.0, 1627.0, 1970.0, 6711.0, 4709.0, 3522.0, 2047.0
56.0, 54.0, 21855.0, 21275.0, 4990.0, 3136.0, 6547.0, 6773.0, 5489.0, 3180.0
48.0, 61.0, 286833.0, 107943.0, 47787.0, 7475.0, 42310.0, 24265.0, 9559.0, 6606.0
41.0, 60.0, 87364.0, 63030.0, 12851.0, 10276.0, 7469.0, 9656.0, 1589.0, 798.0
64.0, 51.0, 880869.0, 51635.0, 20791.0, 14751.0, 3457.0, 10002.0, 2943.0, 1583.0
70.0, 51.0, 25582.0, 23782.0, 11025.0, 3816.0, 13902.0, 7909.0, 4016.0, 2060.0
88.0, 54.0, 1220290.0, 38001.0, 69757.0, 30311.0, 48305.0, 29063.0, 9999.0, 4683.0
66.0, 50.0, 1209549.0, 159170.0, 2253.0, 12107.0, 10874.0, 8400.0, 3663.0, 3059.0
57.0, 47.0, 682669.0, 141828.0, 49403.0, 24229.0, 37546.0, 14521.0, 22167.0, 9822.0
61.0, 50.0, 19323.0, 18210.0, 7364.0, 10326.0, 16792.0, 12991.0, 14602.0, 5567.0
47.0, 34.0, 192601.0, 184049.0, 72674.0, 5579.0, 11825.0, 5013.0, 10396.0, 6622.0
57.0, 35.0, 322296.0, 47646.0, 2186.0, 6011.0, 1185.0, 4457.0, 1701.0, 1065.0
48.0, 38.0, 170290.0, 21088.0, 4216.0, 2378.0, 4039.0, 2866.0, 2299.0, 2619.0
51.0, 24.0, 101525.0, 6191.0, 2350.0, 1023.0, 750.0, 454.0, 405.0, 523.0
47.0, 35.0, 351020.0, 29359.0, 4467.0, 6417.0, 4234.0, 2796.0, 2915.0, 2516.0
54.0, 35.0, 201215.0, 19296.0, 4012.0, 2427.0, 4042.0, 2148.0, 1334.0, 1267.0
56.0, 29.0, 166693.0, 21892.0, 3610.0, 3381.0, 4579.0, 1620.0, 1314.0, 1451.0
47.0, 29.0, 362545.0, 162133.0, 40684.0, 7672.0, 5961.0, 9702.0, 9331.0, 4943.0
53.0, 41.0, 25816.0, 20376.0, 10245.0, 7126.0, 8631.0, 13916.0, 9159.0, 8562.0
77.0, 40.0, 110464.0, 12123.0, 10666.0, 3486.0, 1908.0, 1907.0, 1737.0, 1179.0
91.0, 47.0, 11798.0, 16838.0, 1366.0, 13032.0, 3546.0, 5552.0, 5912.0, 4051.0
100.0, 53.0, 192670.0, 66315.0, 59789.0, 11622.0, 13211.0, 15504.0, 15409.0, 33330.0
100.0, 44.0, 170708.0, 39150.0, 15783.0, 12797.0, 8606.0, 7246.0, 6196.0, 8916.0
96.0, 56.0, 179852.0, 15282.0, 6976.0, 2314.0, 4600.0, 10609.0, 10927.0, 5251.0
100.0, 50.0, 598958.0, 24518.0, 17929.0, 6266.0, 2319.0, 2555.0, 2433.0, 2914.0
90.0, 37.0, 347252.0, 153240.0, 56620.0, 17557.0, 24141.0, 3163.0, 9729.0, 10096.0
78.0, 29.0, 100835.0, 65378.0, 14521.0, 2849.0, 3183.0, 3375.0, 1715.0, 729.0
53.0, 10.0, 250989.0, 272885.0, 12466.0, 8843.0, 26324.0, 6818.0, 12081.0, 6260.0
47.0, 11.0, 94463.0, 19106.0, 9404.0, 2688.0, 4693.0, 2550.0, 2977.0, 1143.0
44.0, 34.0, 29765.0, 29029.0, 5721.0, 14226.0, 17286.0, 14531.0, 6486.0, 4405.0
61.0, 41.0, 178319.0, 37539.0, 32432.0, 4006.0, 8900.0, 11159.0, 9730.0, 2355.0
97.0, 56.0, 21526.0, 11454.0, 2023.0, 10371.0, 6278.0, 5684.0, 3648.0, 3867.0
84.0, 69.0, 2622.0, 7088.0, 1919.0, 1196.0, 2652.0, 5160.0, 4007.0, 4845.0
100.0, 67.0, 3598.0, 2296.0, 9363.0, 5661.0, 2869.0, 4929.0, 4559.0, 2177.0
69.0, 64.0, 647028.0, 185933.0, 16712.0, 15742.0, 46411.0, 14576.0, 12966.0, 12706.0
50.0, 50.0, 1382304.0, 124670.0, 19291.0, 11659.0, 6035.0, 4473.0, 3147.0, 1668.0
63.0, 35.0, 656958.0, 35104.0, 26339.0, 3169.0, 3308.0, 4022.0, 1464.0, 1610.0
37.0, 44.0, 5692.0, 4066.0, 3294.0, 2041.0, 7516.0, 13075.0, 6114.0, 4486.0
56.0, 61.0, 3661.0, 1963.0, 5252.0, 5343.0, 6291.0, 9852.0, 6154.0, 5095.0
67.0, 69.0, 24787.0, 41025.0, 13751.0, 16064.0, 5628.0, 7655.0, 5163.0, 4810.0
40.0, 63.0, 271212.0, 125907.0, 9970.0, 1745.0, 4808.0, 2607.0, 1920.0, 1642.0
53.0, 57.0, 20473.0, 14709.0, 18849.0, 9052.0, 6309.0, 26361.0, 7040.0, 8226.0
57.0, 51.0, 1508.0, 4205.0, 9602.0, 3268.0, 5044.0, 5992.0, 4505.0, 3390.0
44.0, 60.0, 4003.0, 15342.0, 3261.0, 2344.0, 2768.0, 7317.0, 3998.0, 6251.0
67.0, 66.0, 345885.0, 26387.0, 8776.0, 5645.0, 3558.0, 2110.0, 673.0, 865.0
66.0, 60.0, 642132.0, 81657.0, 59678.0, 51767.0, 102700.0, 41046.0, 10559.0, 5476.0
53.0, 56.0, 1960892.0, 147425.0, 40245.0, 24144.0, 24791.0, 40203.0, 7985.0, 3658.0
64.0, 56.0, 560731.0, 81228.0, 76223.0, 7649.0, 36091.0, 55766.0, 4479.0, 2496.0
70.0, 60.0, 106812.0, 13160.0, 2442.0, 13741.0, 4230.0, 3103.0, 2877.0, 3476.0
66.0, 47.0, 363612.0, 77477.0, 22802.0, 7789.0, 2410.0, 2825.0, 4353.0, 5214.0
66.0, 34.0, 591006.0, 417220.0, 65261.0, 74859.0, 22562.0, 14388.0, 9425.0, 12099.0
57.0, 21.0, 249061.0, 78339.0, 13152.0, 8886.0, 2895.0, 6193.0, 1068.0, 1028.0
61.0, 27.0, 4816.0, 3658.0, 8579.0, 5767.0, 7369.0, 4122.0, 8214.0, 4400.0
57.0, 47.0, 42912.0, 20365.0, 10820.0, 1847.0, 12872.0, 14676.0, 4225.0, 12524.0
48.0, 64.0, 6845.0, 14958.0, 2345.0, 1666.0, 4573.0, 7311.0, 3243.0, 1867.0
51.0, 74.0, 2915.0, 26543.0, 8542.0, 4710.0, 4084.0, 9944.0, 5770.0, 3408.0
34.0, 75.0, 6536.0, 13801.0, 3982.0, 1842.0, 2078.0, 5426.0, 3571.0, 3172.0
41.0, 74.0, 1077.0, 12510.0, 8793.0, 2237.0, 2537.0, 8093.0, 7610.0, 5643.0
57.0, 69.0, 17892.0, 11139.0, 3130.0, 10119.0, 7347.0, 5486.0, 5652.0, 9756.0
57.0, 57.0, 25154.0, 95429.0, 21991.0, 17364.0, 7902.0, 6873.0, 2284.0, 3377.0
54.0, 48.0, 71613.0, 46362.0, 5797.0, 6166.0, 4539.0, 3429.0, 3404.0, 3908.0
51.0, 41.0, 8201.0, 39534.0, 6531.0, 12869.0, 11886.0, 8503.0, 2896.0, 2659.0
44.0, 40.0, 1734.0, 16947.0, 4859.0, 5716.0, 6983.0, 5194.0, 4694.0, 5068.0
48.0, 48.0, 179511.0, 24543.0, 15215.0, 2050.0, 9167.0, 7051.0, 3478.0, 3870.0
60.0, 61.0, 6708.0, 9800.0, 2048.0, 9957.0, 6515.0, 8168.0, 3562.0, 2903.0
57.0, 61.0, 18661.0, 29670.0, 9312.0, 2608.0, 8441.0, 5811.0, 2715.0, 3036.0
61.0, 64.0, 5027.0, 16560.0, 7305.0, 6369.0, 3090.0, 10053.0, 5022.0, 8027.0
66.0, 74.0, 14341.0, 7035.0, 4092.0, 8650.0, 2935.0, 9668.0, 1987.0, 3769.0
57.0, 69.0, 121675.0, 55464.0, 17487.0, 5956.0, 9123.0, 19991.0, 3526.0, 4617.0
66.0, 83.0, 9296.0, 4221.0, 6865.0, 3651.0, 2930.0, 14983.0, 4956.0, 3299.0
51.0, 80.0, 385187.0, 67247.0, 6526.0, 7789.0, 9517.0, 15628.0, 2065.0, 2450.0
41.0, 77.0, 4414.0, 22517.0, 10497.0, 2496.0, 7910.0, 10232.0, 5721.0, 5572.0
54.0, 67.0, 124436.0, 60348.0, 38885.0, 22077.0, 5843.0, 10841.0, 7573.0, 2504.0
60.0, 57.0, 26826.0, 22442.0, 9938.0, 12651.0, 2533.0, 8649.0, 5552.0, 3448.0
70.0, 54.0, 337881.0, 87431.0, 26687.0, 19604.0, 17554.0, 16963.0, 4283.0, 4015.0
74.0, 61.0, 17235.0, 7604.0, 3804.0, 4756.0, 3564.0, 12806.0, 5080.0, 3246.0
63.0, 66.0, 10856.0, 17303.0, 4481.0, 7392.0, 7904.0, 5992.0, 4482.0, 3097.0
44.0, 78.0, 6354.0, 13688.0, 2011.0, 4214.0, 4616.0, 21210.0, 3462.0, 2176.0
61.0, 75.0, 227206.0, 28239.0, 52118.0, 19608.0, 17123.0, 7831.0, 11628.0, 3489.0
40.0, 67.0, 289905.0, 37223.0, 1620.0, 2281.0, 16681.0, 12311.0, 6018.0, 7865.0
44.0, 70.0, 6850.0, 8367.0, 4347.0, 5913.0, 6963.0, 6088.0, 3060.0, 6744.0
43.0, 60.0, 12493.0, 41039.0, 1684.0, 7345.0, 18274.0, 10966.0, 5241.0, 6654.0
14.0, 63.0, 474216.0, 40062.0, 3760.0, 5765.0, 14350.0, 6742.0, 5112.0, 6586.0
14.0, 74.0, 5780.0, 10860.0, 1060.0, 420.0, 3345.0, 15754.0, 8249.0, 5559.0
14.0, 77.0, 52669.0, 42723.0, 4786.0, 42261.0, 26276.0, 31453.0, 9570.0, 7681.0
21.0, 63.0, 1467754.0, 431006.0, 66553.0, 17255.0, 19304.0, 17274.0, 9712.0, 5969.0
30.0, 54.0, 189831.0, 57635.0, 18129.0, 7388.0, 6719.0, 3709.0, 5280.0, 2721.0
43.0, 51.0, 10781.0, 11284.0, 1929.0, 1353.0, 3284.0, 10529.0, 3530.0, 2887.0
56.0, 37.0, 190078.0, 31634.0, 28632.0, 28637.0, 6502.0, 3703.0, 1362.0, 1013.0
63.0, 43.0, 128127.0, 82332.0, 11246.0, 18118.0, 5229.0, 9334.0, 4599.0, 9977.0
63.0, 48.0, 36125.0, 56698.0, 19063.0, 4265.0, 9501.0, 7433.0, 7125.0, 8421.0
77.0, 41.0, 413191.0, 26340.0, 12722.0, 3147.0, 6508.0, 10808.0, 8660.0, 7388.0
60.0, 57.0, 356068.0, 14207.0, 1216.0, 8122.0, 5672.0, 9999.0, 5600.0, 10201.0
67.0, 64.0, 39766.0, 10714.0, 3938.0, 10462.0, 4638.0, 6933.0, 4079.0, 15896.0
70.0, 80.0, 21669.0, 9449.0, 2748.0, 9644.0, 4947.0, 16301.0, 8718.0, 4020.0
74.0, 83.0, 7345.0, 13637.0, 7686.0, 3636.0, 3148.0, 9735.0, 3372.0, 10696.0
83.0, 70.0, 115258.0, 46487.0, 34181.0, 23024.0, 25010.0, 8098.0, 2976.0, 7298.0
77.0, 77.0, 64856.0, 15719.0, 11860.0, 2840.0, 5255.0, 18338.0, 3750.0, 7050.0
83.0, 60.0, 250030.0, 51414.0, 39577.0, 16496.0, 12109.0, 7949.0, 5736.0, 10220.0
84.0, 57.0, 71919.0, 39503.0, 33644.0, 6565.0, 11189.0, 23165.0, 7550.0, 8128.0
90.0, 50.0, 105729.0, 119155.0, 132322.0, 15152.0, 8467.0, 7027.0, 4421.0, 5064.0
96.0, 41.0, 5189.0, 8397.0, 11731.0, 2411.0, 9104.0, 3859.0, 2315.0, 2408.0
90.0, 56.0, 368508.0, 9518.0, 15629.0, 4697.0, 6943.0, 22207.0, 5026.0, 14218.0
93.0, 57.0, 6290.0, 15287.0, 8948.0, 7577.0, 2771.0, 10343.0, 6159.0, 7384.0
88.0, 80.0, 12053.0, 6361.0, 14913.0, 8357.0, 6850.0, 18251.0, 5395.0, 6580.0
83.0, 80.0, 11255.0, 29807.0, 4036.0, 13852.0, 3408.0, 8584.0, 7442.0, 3422.0
83.0, 67.0, 538727.0, 40443.0, 19016.0, 14559.0, 17787.0, 10082.0, 6435.0, 2556.0
75.0, 74.0, 5631.0, 11511.0, 8578.0, 3354.0, 4855.0, 14616.0, 7890.0, 6151.0
69.0, 69.0, 116114.0, 16840.0, 9265.0, 5661.0, 5216.0, 9559.0, 4405.0, 8338.0
74.0, 70.0, 12520.0, 20022.0, 9345.0, 11635.0, 11139.0, 13033.0, 4057.0, 8987.0
74.0, 77.0, 24520.0, 19685.0, 18746.0, 2519.0, 9170.0, 8324.0, 7183.0, 4072.0
74.0, 78.0, 22200.0, 5955.0, 370.0, 5412.0, 2625.0, 9707.0, 6355.0, 4491.0
88.0, 69.0, 115648.0, 23997.0, 64974.0, 31256.0, 25179.0, 11496.0, 5191.0, 4278.0
100.0, 64.0, 727441.0, 18013.0, 30915.0, 34864.0, 16407.0, 13278.0, 11536.0, 7231.0
88.0, 75.0, 13967.0, 16645.0, 5071.0, 3992.0, 7949.0, 25113.0, 5360.0, 6263.0
96.0, 67.0, 41958.0, 18106.0, 15193.0, 8670.0, 2040.0, 13208.0, 3905.0, 4598.0
63.0, 69.0, 91547.0, 70872.0, 5512.0, 6475.0, 26715.0, 11257.0, 9760.0, 11842.0
47.0, 69.0, 428882.0, 62439.0, 21546.0, 11126.0, 5501.0, 14331.0, 5042.0, 15084.0
56.0, 67.0, 9072.0, 13535.0, 10712.0, 13500.0, 12166.0, 29538.0, 6472.0, 4399.0
53.0, 61.0, 127479.0, 26693.0, 12571.0, 3901.0, 6592.0, 4851.0, 2186.0, 794.0
67.0, 78.0, 4993.0, 3587.0, 2514.0, 5138.0, 1114.0, 14719.0, 5324.0, 5074.0
51.0, 94.0, 3767.0, 12029.0, 2640.0, 1854.0, 11126.0, 26782.0, 4353.0, 7660.0
40.0, 97.0, 1425.0, 11005.0, 2646.0, 3853.0, 6027.0, 22012.0, 6606.0, 5855.0
38.0, 100.0, 4469.0, 13823.0, 3958.0, 8753.0, 8222.0, 10370.0, 2706.0, 6088.0
30.0, 90.0, 87630.0, 113387.0, 33177.0, 3517.0, 16247.0, 17522.0, 5626.0, 5132.0
38.0, 78.0, 12392.0, 16799.0, 1302.0, 3298.0, 8105.0, 6580.0, 8447.0, 4858.0
35.0, 78.0, 2731.0, 4228.0, 1813.0, 877.0, 7388.0, 8271.0, 7497.0, 7880.0
34.0, 70.0, 131844.0, 37460.0, 11187.0, 7096.0, 8167.0, 8945.0, 4950.0, 4253.0
26.0, 81.0, 34175.0, 37161.0, 6753.0, 6544.0, 21779.0, 25548.0, 9076.0, 10391.0
41.0, 75.0, 1574223.0, 60845.0, 24749.0, 15916.0, 15988.0, 11033.0, 11839.0, 5599.0
48.0, 70.0, 12377.0, 13198.0, 1624.0, 6320.0, 2494.0, 18512.0, 15708.0, 4251.0
56.0, 83.0, 18765.0, 3258.0, 10393.0, 4311.0, 4372.0, 15166.0, 2265.0, 7389.0
64.0, 80.0, 7093.0, 9404.0, 3419.0, 2051.0, 3182.0, 4852.0, 1939.0, 9572.0
54.0, 84.0, 140974.0, 78039.0, 17102.0, 6482.0, 12522.0, 21586.0, 6878.0, 8774.0
50.0, 81.0, 538257.0, 21900.0, 3546.0, 3072.0, 5552.0, 15261.0, 5287.0, 5731.0
47.0, 69.0, 12880.0, 39014.0, 5179.0, 23425.0, 6578.0, 9340.0, 5994.0, 6623.0
48.0, 67.0, 10364.0, 23512.0, 5592.0, 7565.0, 4297.0, 10491.0, 3060.0, 5321.0
61.0, 66.0, 67201.0, 44603.0, 19813.0, 26339.0, 7753.0, 14323.0, 5300.0, 3996.0
75.0, 60.0, 7128.0, 30397.0, 9701.0, 12594.0, 7740.0, 10374.0, 4716.0, 7096.0
83.0, 60.0, 230362.0, 33776.0, 38399.0, 12660.0, 6438.0, 14159.0, 7139.0, 4491.0
84.0, 63.0, 80846.0, 13912.0, 10895.0, 4937.0, 11794.0, 14605.0, 3700.0, 6289.0
77.0, 66.0, 8523.0, 19563.0, 8612.0, 2975.0, 6292.0, 8498.0, 6733.0, 2665.0
78.0, 70.0, 2032.0, 9119.0, 2646.0, 7961.0, 2885.0, 8548.0, 4695.0, 12361.0
64.0, 67.0, 251800.0, 163852.0, 39089.0, 20262.0, 20233.0, 19851.0, 2429.0, 3669.0
56.0, 69.0, 17626.0, 7638.0, 738.0, 3918.0, 5308.0, 10084.0, 4394.0, 2371.0
53.0, 60.0, 231226.0, 15465.0, 1735.0, 3120.0, 2932.0, 963.0, 348.0, 368.0
44.0, 63.0, 5385.0, 5868.0, 4181.0, 964.0, 2407.0, 10200.0, 3917.0, 7647.0
38.0, 60.0, 177966.0, 15949.0, 2364.0, 853.0, 3310.0, 845.0, 1045.0, 1119.0
47.0, 43.0, 412775.0, 57577.0, 23080.0, 6611.0, 8507.0, 6641.0, 6936.0, 3129.0
47.0, 40.0, 569890.0, 283447.0, 51655.0, 25248.0, 36117.0, 9894.0, 5855.0, 4920.0
47.0, 26.0, 456239.0, 13992.0, 2501.0, 2974.0, 1632.0, 3025.0, 1281.0, 784.0
43.0, 40.0, 1305.0, 12237.0, 1002.0, 2184.0, 5940.0, 5090.0, 4213.0, 4032.0
47.0, 44.0, 473625.0, 38691.0, 12946.0, 12572.0, 3321.0, 10166.0, 7397.0, 4213.0
51.0, 60.0, 19806.0, 19663.0, 2524.0, 9451.0, 3219.0, 9429.0, 3665.0, 7556.0
56.0, 74.0, 10207.0, 3570.0, 2813.0, 3838.0, 1410.0, 8388.0, 6460.0, 3978.0
57.0, 80.0, 13841.0, 20239.0, 4313.0, 1928.0, 3405.0, 18875.0, 5270.0, 3435.0
53.0, 84.0, 8830.0, 8265.0, 3799.0, 1270.0, 1550.0, 4989.0, 3381.0, 2634.0
54.0, 87.0, 4336.0, 18208.0, 7866.0, 7314.0, 4474.0, 12218.0, 8111.0, 2118.0
51.0, 80.0, 2887.0, 13780.0, 8885.0, 3345.0, 11196.0, 9133.0, 3071.0, 4892.0
63.0, 66.0, 273965.0, 126687.0, 42557.0, 22365.0, 20421.0, 21049.0, 6693.0, 6721.0
53.0, 48.0, 1715192.0, 163288.0, 20850.0, 5343.0, 5814.0, 4741.0, 1289.0, 1740.0
56.0, 40.0, 29646.0, 86442.0, 45392.0, 15148.0, 2465.0, 13315.0, 6431.0, 12564.0
53.0, 27.0, 367371.0, 137177.0, 23040.0, 14247.0, 29931.0, 11251.0, 8942.0, 5755.0
56.0, 38.0, 16130.0, 6339.0, 8125.0, 4849.0, 6021.0, 10858.0, 4555.0, 9689.0
67.0, 57.0, 1468.0, 10243.0, 2578.0, 4137.0, 1960.0, 7913.0, 2389.0, 2557.0
69.0, 64.0, 16945.0, 20018.0, 14409.0, 14434.0, 10724.0, 10730.0, 5429.0, 8601.0
67.0, 66.0, 60856.0, 86066.0, 15727.0, 4789.0, 11595.0, 9935.0, 10258.0, 6010.0
74.0, 63.0, 12043.0, 9936.0, 13162.0, 5267.0, 1053.0, 9442.0, 6217.0, 3758.0
88.0, 57.0, 10302.0, 10028.0, 9007.0, 15947.0, 5430.0, 7732.0, 8152.0, 3577.0
88.0, 61.0, 6328.0, 6142.0, 6985.0, 6368.0, 4552.0, 7068.0, 7593.0, 3275.0
100.0, 75.0, 13219.0, 3488.0, 5822.0, 4780.0, 6171.0, 8676.0, 4858.0, 4306.0
81.0, 81.0, 11213.0, 10463.0, 1735.0, 3595.0, 6605.0, 12859.0, 2379.0, 6033.0
77.0, 83.0, 34203.0, 12851.0, 16637.0, 10771.0, 14101.0, 13264.0, 4100.0, 5367.0
74.0, 83.0, 21693.0, 12562.0, 2620.0, 11072.0, 3676.0, 8117.0, 2455.0, 5229.0
61.0, 67.0, 280398.0, 88575.0, 9066.0, 13682.0, 2344.0, 9048.0, 6192.0, 7435.0
77.0, 61.0, 47435.0, 20363.0, 14379.0, 10397.0, 9448.0, 13482.0, 3253.0, 5953.0
61.0, 69.0, 129122.0, 8374.0, 3123.0, 2014.0, 5397.0, 12554.0, 3590.0, 10755.0
56.0, 61.0, 24709.0, 89577.0, 36443.0, 13718.0, 21945.0, 14468.0, 4086.0, 3200.0
66.0, 63.0, 22580.0, 49164.0, 13500.0, 20613.0, 11119.0, 9383.0, 7574.0, 5686.0
78.0, 61.0, 18196.0, 6665.0, 19418.0, 4373.0, 2249.0, 6123.0, 4326.0, 2221.0
78.0, 50.0, 921.0, 15215.0, 1431.0, 3081.0, 2310.0, 3332.0, 3613.0, 4687.0
74.0, 48.0, 59659.0, 34056.0, 4678.0, 5696.0, 3344.0, 3607.0, 1681.0, 805.0
64.0, 57.0, 141132.0, 7781.0, 3879.0, 794.0, 2949.0, 6641.0, 2738.0, 1463.0
41.0, 63.0, 88086.0, 19926.0, 3620.0, 2539.0, 2095.0, 8198.0, 5080.0, 6423.0
50.0, 61.0, 175925.0, 10263.0, 1182.0, 5634.0, 2443.0, 2725.0, 1527.0, 718.0
60.0, 56.0, 495294.0, 102245.0, 65425.0, 4370.0, 14650.0, 7375.0, 7383.0, 3519.0
64.0, 41.0, 642267.0, 53900.0, 13084.0, 20113.0, 19803.0, 4809.0, 6481.0, 3055.0
83.0, 38.0, 547556.0, 14008.0, 11949.0, 20152.0, 10423.0, 10073.0, 4232.0, 4856.0
80.0, 41.0, 24450.0, 12082.0, 5350.0, 1191.0, 5337.0, 3897.0, 5092.0, 5812.0
78.0, 47.0, 472783.0, 48239.0, 15733.0, 17465.0, 9868.0, 7563.0, 7628.0, 5532.0
70.0, 61.0, 4458.0, 15440.0, 8500.0, 2754.0, 9492.0, 14436.0, 6790.0, 4091.0
54.0, 61.0, 191746.0, 12727.0, 2518.0, 4163.0, 12193.0, 4479.0, 638.0, 1655.0
57.0, 54.0, 59819.0, 19088.0, 7472.0, 2619.0, 4184.0, 2391.0, 870.0, 1994.0
64.0, 60.0, 159301.0, 13241.0, 24844.0, 11242.0, 19691.0, 9028.0, 9991.0, 12021.0
64.0, 63.0, 11353.0, 8284.0, 4797.0, 2883.0, 6173.0, 15567.0, 5094.0, 3461.0
69.0, 70.0, 12328.0, 9175.0, 5403.0, 3024.0, 4443.0, 12046.0, 3666.0, 7302.0
67.0, 70.0, 93609.0, 18342.0, 5154.0, 2396.0, 2642.0, 2268.0, 2545.0, 1766.0
64.0, 66.0, 123700.0, 29660.0, 7783.0, 24142.0, 12462.0, 6484.0, 9945.0, 3050.0
70.0, 57.0, 97784.0, 24836.0, 9637.0, 13053.0, 15853.0, 11789.0, 7767.0, 6592.0
63.0, 60.0, 66745.0, 4851.0, 2792.0, 1076.0, 11818.0, 6837.0, 5355.0, 3633.0
56.0, 60.0, 443714.0, 105534.0, 8006.0, 16281.0, 10072.0, 13419.0, 6849.0, 6058.0
43.0, 54.0, 76357.0, 27068.0, 6034.0, 2137.0, 4533.0, 1578.0, 1709.0, 1408.0
35.0, 43.0, 27985.0, 26516.0, 4450.0, 3478.0, 7557.0, 1720.0, 2664.0, 971.0
48.0, 21.0, 164562.0, 149157.0, 52790.0, 52913.0, 25793.0, 8699.0, 6585.0, 3806.0
51.0, 23.0, 137952.0, 64106.0, 10783.0, 10079.0, 21487.0, 10119.0, 4483.0, 12768.0
54.0, 26.0, 34142.0, 94198.0, 31893.0, 16205.0, 29501.0, 12045.0, 15997.0, 3888.0
63.0, 27.0, 429499.0, 230282.0, 65649.0, 58216.0, 31946.0, 16812.0, 10644.0, 5308.0
66.0, 37.0, 142836.0, 39553.0, 25730.0, 26895.0, 28166.0, 11617.0, 8794.0, 2831.0
70.0, 30.0, 75403.0, 74721.0, 18468.0, 12972.0, 10078.0, 5328.0, 9383.0, 3140.0
67.0, 34.0, 1298222.0, 73822.0, 21541.0, 4665.0, 10090.0, 9813.0, 4253.0, 2312.0
67.0, 48.0, 4541.0, 9222.0, 7110.0, 2495.0, 2440.0, 9523.0, 8946.0, 7982.0
48.0, 60.0, 36082.0, 11516.0, 3209.0, 1131.0, 10357.0, 12679.0, 6422.0, 2597.0
37.0, 66.0, 1369.0, 26189.0, 2537.0, 1722.0, 2913.0, 3904.0, 5573.0, 14193.0
34.0, 77.0, 6435.0, 9939.0, 2763.0, 1765.0, 6311.0, 5969.0, 5468.0, 4077.0
24.0, 75.0, 4933.0, 11435.0, 3405.0, 1341.0, 2635.0, 5685.0, 5318.0, 7445.0
34.0, 75.0, 3154.0, 3074.0, 1571.0, 1887.0, 5509.0, 4775.0, 5020.0, 2825.0
56.0, 81.0, 3586.0, 7294.0, 8018.0, 10478.0, 7400.0, 11037.0, 4161.0, 6436.0
69.0, 78.0, 15032.0, 33603.0, 27371.0, 12619.0, 5863.0, 17163.0, 6321.0, 4642.0
67.0, 84.0, 4584.0, 10897.0, 1758.0, 4147.0, 3511.0, 14000.0, 3685.0, 7082.0
74.0, 83.0, 8832.0, 6866.0, 1788.0, 4920.0, 2976.0, 10206.0, 5184.0, 4664.0
69.0, 74.0, 151334.0, 24062.0, 12856.0, 3013.0, 838.0, 3621.0, 1919.0, 2079.0
63.0, 80.0, 80569.0, 12379.0, 819.0, 19345.0, 16579.0, 19816.0, 6787.0, 5494.0
61.0, 67.0, 99703.0, 43598.0, 3078.0, 7578.0, 3568.0, 8489.0, 3680.0, 5676.0
56.0, 63.0, 21188.0, 32518.0, 9714.0, 3381.0, 10779.0, 15109.0, 3612.0, 9664.0
51.0, 60.0, 540318.0, 100050.0, 42357.0, 7267.0, 15678.0, 8418.0, 3509.0, 4921.0
47.0, 38.0, 116013.0, 64128.0, 12104.0, 6994.0, 4360.0, 2516.0, 896.0, 3023.0
56.0, 50.0, 66703.0, 10707.0, 13910.0, 5049.0, 3422.0, 24647.0, 4587.0, 4646.0
67.0, 48.0, 563407.0, 16786.0, 9907.0, 14018.0, 21483.0, 8528.0, 6900.0, 9453.0
48.0, 48.0, 174245.0, 70760.0, 2555.0, 3108.0, 5180.0, 4892.0, 9796.0, 6237.0
43.0, 53.0, 32226.0, 134220.0, 23057.0, 5768.0, 11436.0, 8179.0, 4741.0, 6028.0
54.0, 41.0, 286500.0, 30706.0, 35381.0, 28845.0, 6221.0, 14167.0, 13181.0, 12122.0
47.0, 51.0, 18664.0, 17676.0, 6444.0, 8798.0, 9989.0, 37352.0, 8010.0, 2221.0
64.0, 69.0, 162633.0, 15565.0, 11202.0, 7752.0, 6501.0, 31807.0, 10859.0, 15754.0
80.0, 80.0, 345352.0, 35190.0, 7540.0, 37392.0, 5067.0, 18118.0, 6335.0, 12613.0
63.0, 78.0, 60856.0, 19029.0, 297.0, 7407.0, 3887.0, 3422.0, 3822.0, 2570.0
74.0, 64.0, 213359.0, 34177.0, 23069.0, 6825.0, 9929.0, 10626.0, 2795.0, 3294.0
66.0, 48.0, 523501.0, 176414.0, 20415.0, 18639.0, 10021.0, 18280.0, 7481.0, 8898.0
57.0, 40.0, 198734.0, 76563.0, 19614.0, 11502.0, 7668.0, 6422.0, 10952.0, 11260.0
57.0, 48.0, 43414.0, 22533.0, 9550.0, 7546.0, 15086.0, 15669.0, 7150.0, 8718.0
57.0, 50.0, 20989.0, 14114.0, 13241.0, 3737.0, 11625.0, 6837.0, 5742.0, 5885.0
64.0, 61.0, 14489.0, 13115.0, 6871.0, 4986.0, 7406.0, 10466.0, 11426.0, 7213.0
64.0, 70.0, 38673.0, 36888.0, 14994.0, 6149.0, 8365.0, 15729.0, 8907.0, 13023.0
74.0, 75.0, 3554.0, 5474.0, 7510.0, 6149.0, 2951.0, 13322.0, 10504.0, 6240.0
63.0, 78.0, 2566.0, 23724.0, 3386.0, 7352.0, 11843.0, 11602.0, 3109.0, 4349.0
67.0, 75.0, 17622.0, 22525.0, 11849.0, 9991.0, 6064.0, 10374.0, 5618.0, 11745.0
80.0, 75.0, 3600.0, 13530.0, 11164.0, 11507.0, 2589.0, 11142.0, 5418.0, 6994.0
78.0, 69.0, 2692.0, 12719.0, 7649.0, 5947.0, 3695.0, 8118.0, 4974.0, 3325.0
67.0, 75.0, 4340.0, 15210.0, 673.0, 2498.0, 4116.0, 12828.0, 4097.0, 9315.0
69.0, 74.0, 41636.0, 10400.0, 12942.0, 4850.0, 10630.0, 5086.0, 8775.0, 7971.0
40.0, 67.0, 59918.0, 96057.0, 4565.0, 3840.0, 12008.0, 15109.0, 13713.0, 3337.0
38.0, 75.0, 25830.0, 5355.0, 4942.0, 12788.0, 7853.0, 19963.0, 8151.0, 4641.0
64.0, 61.0, 15545.0, 28325.0, 24472.0, 11134.0, 8024.0, 6286.0, 8683.0, 9349.0
61.0, 66.0, 28965.0, 8413.0, 5470.0, 6672.0, 4875.0, 8825.0, 7134.0, 13693.0
77.0, 77.0, 3552.0, 20364.0, 3552.0, 6237.0, 3132.0, 15855.0, 11292.0, 3816.0
69.0, 70.0, 39324.0, 30168.0, 5434.0, 10206.0, 7949.0, 20169.0, 5415.0, 13389.0
56.0, 81.0, 37747.0, 32884.0, 6225.0, 11190.0, 4563.0, 22720.0, 7144.0, 12875.0
43.0, 88.0, 8367.0, 7766.0, 192.0, 6198.0, 11283.0, 13792.0, 9912.0, 5404.0
50.0, 88.0, 7041.0, 7302.0, 1988.0, 6706.0, 4731.0, 9609.0, 4166.0, 6898.0
53.0, 78.0, 125678.0, 32443.0, 14296.0, 1581.0, 5430.0, 4637.0, 794.0, 1175.0
51.0, 83.0, 52945.0, 13540.0, 3455.0, 5778.0, 4780.0, 20008.0, 3840.0, 6927.0
67.0, 69.0, 71963.0, 14886.0, 11817.0, 5419.0, 8264.0, 4620.0, 8739.0, 6586.0
64.0, 69.0, 12212.0, 8661.0, 5027.0, 3551.0, 6532.0, 9555.0, 2521.0, 5820.0
61.0, 70.0, 4225.0, 31086.0, 8988.0, 3490.0, 9127.0, 6253.0, 7203.0, 8613.0
67.0, 57.0, 76678.0, 5085.0, 1261.0, 1847.0, 1061.0, 1010.0, 243.0, 284.0
50.0, 64.0, 41710.0, 25718.0, 1234.0, 4494.0, 6030.0, 13256.0, 4447.0, 7109.0
50.0, 63.0, 15064.0, 17199.0, 8068.0, 4074.0, 3910.0, 14565.0, 4829.0, 7467.0
37.0, 56.0, 1302928.0, 188281.0, 1749.0, 17268.0, 10280.0, 10811.0, 6836.0, 11108.0
43.0, 51.0, 116834.0, 71237.0, 45219.0, 30274.0, 23210.0, 10121.0, 8184.0, 6778.0
57.0, 48.0, 36607.0, 33487.0, 10439.0, 18256.0, 12411.0, 18654.0, 20060.0, 16665.0
63.0, 43.0, 12795.0, 15586.0, 10910.0, 3780.0, 6203.0, 6237.0, 6795.0, 2055.0
77.0, 41.0, 336186.0, 33018.0, 6378.0, 5497.0, 9299.0, 1906.0, 1483.0, 1262.0
66.0, 38.0, 189612.0, 44633.0, 10890.0, 8063.0, 7102.0, 2767.0, 1131.0, 756.0
67.0, 40.0, 23929.0, 6725.0, 4431.0, 9488.0, 12100.0, 7731.0, 2906.0, 3812.0
50.0, 34.0, 5174.0, 33670.0, 741.0, 4317.0, 4987.0, 3105.0, 3863.0, 3132.0
44.0, 41.0, 7829.0, 38876.0, 4736.0, 3784.0, 6797.0, 6635.0, 4407.0, 8392.0
50.0, 60.0, 7593.0, 6732.0, 5387.0, 6823.0, 3319.0, 11925.0, 4241.0, 6219.0
50.0, 53.0, 10008.0, 15902.0, 12549.0, 1538.0, 5550.0, 4790.0, 5006.0, 3382.0
63.0, 69.0, 2977.0, 6941.0, 3595.0, 5899.0, 7314.0, 12714.0, 5032.0, 11211.0
74.0, 74.0, 11617.0, 25966.0, 7144.0, 8016.0, 3494.0, 9941.0, 6391.0, 7444.0
74.0, 64.0, 197907.0, 19579.0, 14706.0, 7755.0, 9942.0, 7168.0, 4024.0, 4302.0
75.0, 54.0, 250678.0, 115196.0, 37060.0, 77562.0, 57441.0, 11322.0, 8985.0, 4560.0
77.0, 35.0, 581115.0, 35281.0, 14209.0, 2475.0, 4525.0, 1755.0, 1306.0, 780.0
64.0, 35.0, 40678.0, 28633.0, 4654.0, 2335.0, 12746.0, 8114.0, 7243.0, 6539.0
69.0, 44.0, 3660.0, 6854.0, 35336.0, 13804.0, 4473.0, 37202.0, 6040.0, 3674.0
70.0, 61.0, 16115.0, 11538.0, 17514.0, 4987.0, 1106.0, 18778.0, 7510.0, 8707.0
66.0, 78.0, 224026.0, 27222.0, 9112.0, 4683.0, 8943.0, 14274.0, 11671.0, 6699.0
84.0, 84.0, 15143.0, 9167.0, 11286.0, 8680.0, 2969.0, 18063.0, 7040.0, 2889.0
67.0, 84.0, 64628.0, 18456.0, 2485.0, 6947.0, 4231.0, 20541.0, 7999.0, 5243.0
66.0, 83.0, 70093.0, 6012.0, 883.0, 9733.0, 5780.0, 7325.0, 2553.0, 5194.0
61.0, 80.0, 112356.0, 16992.0, 4009.0, 172.0, 1951.0, 4797.0, 846.0, 1469.0
48.0, 63.0, 214911.0, 37448.0, 2245.0, 6608.0, 4737.0, 2369.0, 991.0, 2526.0
53.0, 54.0, 15107.0, 22392.0, 3141.0, 9524.0, 3624.0, 9012.0, 3961.0, 3801.0
56.0, 47.0, 232493.0, 68856.0, 45045.0, 19044.0, 9789.0, 16093.0, 2278.0, 3832.0
47.0, 48.0, 15342.0, 34587.0, 2447.0, 2184.0, 7414.0, 12968.0, 3978.0, 5285.0
53.0, 48.0, 362058.0, 94663.0, 42218.0, 6903.0, 21764.0, 8105.0, 3304.0, 7820.0
54.0, 51.0, 6669.0, 15113.0, 5514.0, 6403.0, 2782.0, 9821.0, 11334.0, 5874.0
63.0, 56.0, 33681.0, 7982.0, 23832.0, 9505.0, 6916.0, 11176.0, 5510.0, 7400.0
75.0, 63.0, 680.0, 6959.0, 4604.0, 1564.0, 10288.0, 9757.0, 4987.0, 5075.0
81.0, 75.0, 4260.0, 7345.0, 7558.0, 5647.0, 6945.0, 7295.0, 4984.0, 4818.0
78.0, 75.0, 29913.0, 25023.0, 5025.0, 15351.0, 22099.0, 13469.0, 5856.0, 12433.0
60.0, 69.0, 69872.0, 63651.0, 9671.0, 18137.0, 6522.0, 12220.0, 8590.0, 3935.0
77.0, 56.0, 27316.0, 37450.0, 23523.0, 21327.0, 7413.0, 8302.0, 14304.0, 5932.0
77.0, 54.0, 46642.0, 14630.0, 6812.0, 10783.0, 4868.0, 10847.0, 8507.0, 6614.0
80.0, 60.0, 3539.0, 6482.0, 3713.0, 8827.0, 9893.0, 10930.0, 4328.0, 8097.0
77.0, 74.0, 11192.0, 12196.0, 4409.0, 2863.0, 3996.0, 14796.0, 4554.0, 10447.0
69.0, 83.0, 10219.0, 7467.0, 4168.0, 3697.0, 1310.0, 7052.0, 3818.0, 7921.0
74.0, 81.0, 363066.0, 9801.0, 15801.0, 2583.0, 3729.0, 7235.0, 1118.0, 1157.0
78.0, 81.0, 22186.0, 8098.0, 11029.0, 9306.0, 6886.0, 15607.0, 6207.0, 6486.0
77.0, 80.0, 8176.0, 19938.0, 4935.0, 4555.0, 9497.0, 18138.0, 13294.0, 5092.0
77.0, 80.0, 399401.0, 25549.0, 17228.0, 9132.0, 8610.0, 22363.0, 6927.0, 6278.0
74.0, 81.0, 61324.0, 20280.0, 25661.0, 4281.0, 3811.0, 16962.0, 6417.0, 8689.0
64.0, 80.0, 3920.0, 13942.0, 5874.0, 5210.0, 4403.0, 12495.0, 10102.0, 11882.0
80.0, 75.0, 334699.0, 24367.0, 21752.0, 9572.0, 7831.0, 14764.0, 4454.0, 5422.0
63.0, 51.0, 42041.0, 52860.0, 1230.0, 4962.0, 1309.0, 1104.0, 631.0, 552.0
51.0, 34.0, 677408.0, 245507.0, 46539.0, 27744.0, 29257.0, 7760.0, 6054.0, 5069.0
60.0, 16.0, 302553.0, 71167.0, 43016.0, 7809.0, 10321.0, 6445.0, 4711.0, 7385.0
60.0, 17.0, 15276.0, 11632.0, 9367.0, 8513.0, 3266.0, 10091.0, 8720.0, 3957.0
67.0, 29.0, 32805.0, 55208.0, 12093.0, 5491.0, 5790.0, 6050.0, 7080.0, 2259.0
51.0, 24.0, 183236.0, 95680.0, 1085.0, 5747.0, 4131.0, 1295.0, 622.0, 372.0
47.0, 27.0, 118160.0, 21343.0, 6987.0, 2888.0, 1285.0, 2613.0, 852.0, 780.0
29.0, 14.0, 623532.0, 169834.0, 11039.0, 21096.0, 19978.0, 11155.0, 12187.0, 11533.0
30.0, 20.0, 398994.0, 50002.0, 6398.0, 14493.0, 10793.0, 12671.0, 9310.0, 14131.0
57.0, 40.0, 170989.0, 21064.0, 19087.0, 2724.0, 2452.0, 7557.0, 4093.0, 6634.0
57.0, 38.0, 47009.0, 47100.0, 6919.0, 16501.0, 6920.0, 5111.0, 3715.0, 3192.0
66.0, 50.0, 481144.0, 21179.0, 3360.0, 8383.0, 6452.0, 9077.0, 41712.0, 17442.0
63.0, 57.0, 18093.0, 18176.0, 6481.0, 3257.0, 7803.0, 16772.0, 18697.0, 15159.0
63.0, 54.0, 239408.0, 59458.0, 25616.0, 42880.0, 41106.0, 13312.0, 62980.0, 22537.0
47.0, 47.0, 237278.0, 105331.0, 2694.0, 7594.0, 4596.0, 2810.0, 4311.0, 7515.0
51.0, 34.0, 90428.0, 39134.0, 12517.0, 9501.0, 4059.0, 2502.0, 2940.0, 1333.0
57.0, 14.0, 271778.0, 90395.0, 26305.0, 18336.0, 10913.0, 7397.0, 6625.0, 8393.0
53.0, 21.0, 25521.0, 16023.0, 7452.0, 9994.0, 15279.0, 8888.0, 7017.0, 4394.0
67.0, 23.0, 577732.0, 152794.0, 52866.0, 6805.0, 7187.0, 6631.0, 10809.0, 6753.0
60.0, 30.0, 469167.0, 63158.0, 16322.0, 2473.0, 17724.0, 10701.0, 5371.0, 12108.0
60.0, 43.0, 30471.0, 22372.0, 9072.0, 6117.0, 4264.0, 9478.0, 9031.0, 7411.0
53.0, 47.0, 8816.0, 17962.0, 7443.0, 3401.0, 6997.0, 13250.0, 22125.0, 9741.0
56.0, 66.0, 42167.0, 21466.0, 14781.0, 5670.0, 8065.0, 18413.0, 6109.0, 16223.0
64.0, 81.0, 8555.0, 3148.0, 4415.0, 4702.0, 7702.0, 11561.0, 3739.0, 8010.0
77.0, 78.0, 29434.0, 26439.0, 20602.0, 25496.0, 5747.0, 10872.0, 15027.0, 9834.0
69.0, 84.0, 50288.0, 16806.0, 4327.0, 7735.0, 12777.0, 34331.0, 20292.0, 2894.0
64.0, 87.0, 8289.0, 12590.0, 5083.0, 1514.0, 2323.0, 11006.0, 10727.0, 7500.0
60.0, 74.0, 64932.0, 9599.0, 1256.0, 2932.0, 3037.0, 2092.0, 932.0, 2615.0
44.0, 70.0, 97075.0, 88153.0, 17825.0, 16139.0, 5924.0, 12576.0, 8299.0, 9732.0
53.0, 60.0, 29269.0, 30093.0, 9397.0, 6652.0, 11540.0, 11359.0, 12069.0, 7461.0
54.0, 47.0, 69348.0, 88778.0, 21397.0, 9183.0, 8185.0, 9909.0, 7935.0, 5453.0
51.0, 53.0, 4671.0, 19418.0, 1260.0, 9719.0, 12563.0, 13082.0, 7403.0, 7381.0
43.0, 54.0, 1085855.0, 97840.0, 4584.0, 19740.0, 28736.0, 15279.0, 9429.0, 12420.0
48.0, 51.0, 15389.0, 56598.0, 38356.0, 4927.0, 11380.0, 18604.0, 14421.0, 5735.0
48.0, 64.0, 255239.0, 47730.0, 18267.0, 9839.0, 4525.0, 38550.0, 7960.0, 5841.0
29.0, 48.0, 441693.0, 87560.0, 284.0, 4204.0, 12758.0, 4023.0, 2927.0, 1294.0
43.0, 54.0, 38494.0, 23477.0, 5920.0, 16421.0, 14764.0, 13486.0, 11251.0, 3328.0
29.0, 41.0, 474324.0, 99362.0, 11788.0, 4476.0, 5172.0, 3533.0, 1316.0, 1126.0
14.0, 16.0, 287959.0, 241595.0, 5349.0, 16811.0, 4818.0, 4964.0, 4400.0, 1131.0
51.0, 10.0, 1717423.0, 128191.0, 134760.0, 24005.0, 22730.0, 4539.0, 4780.0, 8187.0
27.0, 3.0, 165894.0, 71026.0, 1937.0, 3446.0, 12539.0, 9591.0, 5414.0, 10398.0
27.0, 24.0, 4269.0, 14246.0, 1997.0, 2629.0, 7297.0, 10457.0, 3555.0, 8202.0
47.0, 35.0, 161429.0, 51122.0, 18148.0, 7689.0, 10049.0, 5649.0, 5068.0, 4068.0
29.0, 53.0, 36416.0, 23754.0, 6449.0, 1585.0, 2524.0, 5782.0, 8116.0, 4305.0
38.0, 38.0, 251420.0, 61352.0, 3385.0, 5168.0, 6254.0, 1253.0, 464.0, 2841.0
47.0, 23.0, 436490.0, 112014.0, 27192.0, 7749.0, 8175.0, 8563.0, 4455.0, 3126.0
40.0, 23.0, 37786.0, 36975.0, 6918.0, 3271.0, 738.0, 3775.0, 6623.0, 6473.0
27.0, 29.0, 100331.0, 23192.0, 1923.0, 1771.0, 5236.0, 12438.0, 6208.0, 6725.0
38.0, 40.0, 365065.0, 146185.0, 21862.0, 25491.0, 8589.0, 11830.0, 3416.0, 1975.0
41.0, 44.0, 138660.0, 46627.0, 7252.0, 17569.0, 15130.0, 9290.0, 7233.0, 4239.0
37.0, 47.0, 49125.0, 40869.0, 3644.0, 3957.0, 3471.0, 4829.0, 5597.0, 5878.0
44.0, 40.0, 24374.0, 42743.0, 6388.0, 6671.0, 10486.0, 9072.0, 7191.0, 3806.0
43.0, 47.0, 3661.0, 13990.0, 5764.0, 888.0, 9298.0, 3602.0, 5509.0, 4071.0
40.0, 40.0, 228077.0, 44314.0, 6098.0, 9900.0, 6277.0, 2864.0, 1130.0, 1398.0
37.0, 37.0, 172661.0, 42666.0, 1377.0, 4425.0, 5222.0, 2882.0, 2875.0, 581.0
40.0, 35.0, 288878.0, 25770.0, 7432.0, 1233.0, 4036.0, 4829.0, 5830.0, 2909.0
47.0, 35.0, 787484.0, 31329.0, 8169.0, 11544.0, 10925.0, 9693.0, 6372.0, 3817.0
56.0, 41.0, 563465.0, 49101.0, 19281.0, 31247.0, 14254.0, 11992.0, 5717.0, 4156.0
64.0, 37.0, 98228.0, 30849.0, 5603.0, 2467.0, 4202.0, 1025.0, 321.0, 183.0
69.0, 24.0, 322038.0, 121215.0, 16612.0, 36903.0, 16760.0, 5012.0, 3559.0, 3632.0
75.0, 11.0, 85034.0, 24746.0, 16486.0, 2879.0, 4650.0, 1364.0, 1444.0, 2779.0
50.0, 1.0, 89608.0, 414164.0, 23452.0, 10207.0, 8113.0, 7043.0, 8659.0, 3232.0
48.0, 1.0, 1499745.0, 250978.0, 25612.0, 30244.0, 24782.0, 13605.0, 5705.0, 2771.0
63.0, 8.0, 11611.0, 6635.0, 9478.0, 17667.0, 4690.0, 3512.0, 2109.0, 3976.0
53.0, 14.0, 88834.0, 72786.0, 4220.0, 19190.0, 6011.0, 7248.0, 4321.0, 5245.0
69.0, 26.0, 170626.0, 15656.0, 5047.0, 1815.0, 2103.0, 1477.0, 6093.0, 700.0
67.0, 40.0, 162816.0, 28352.0, 5629.0, 5013.0, 22704.0, 9395.0, 2074.0, 2223.0
53.0, 43.0, 23993.0, 14454.0, 9681.0, 2821.0, 7029.0, 3967.0, 2637.0, 4145.0
37.0, 29.0, 74880.0, 96134.0, 3755.0, 2588.0, 3348.0, 1537.0, 1166.0, 722.0
44.0, 34.0, 709338.0, 34706.0, 17714.0, 20497.0, 8413.0, 7423.0, 9015.0, 4124.0
54.0, 30.0, 1416739.0, 40159.0, 17475.0, 10715.0, 15046.0, 13407.0, 6179.0, 4687.0
43.0, 23.0, 421931.0, 125135.0, 14622.0, 12388.0, 17105.0, 7829.0, 12633.0, 8307.0
48.0, 38.0, 232164.0, 38149.0, 4120.0, 1462.0, 6157.0, 5360.0, 6808.0, 2726.0
37.0, 37.0, 978588.0, 96045.0, 20278.0, 13894.0, 18921.0, 9500.0, 8251.0, 3573.0
21.0, 27.0, 196402.0, 46108.0, 4281.0, 1641.0, 4181.0, 3414.0, 3404.0, 2185.0
30.0, 26.0, 108209.0, 87650.0, 9424.0, 42138.0, 23121.0, 5903.0, 3350.0, 2200.0
37.0, 10.0, 148977.0, 63332.0, 8749.0, 2702.0, 2069.0, 907.0, 306.0, 863.0
51.0, 16.0, 66929.0, 23501.0, 27621.0, 42790.0, 30513.0, 14751.0, 6854.0, 9969.0
67.0, 21.0, 117836.0, 37389.0, 14127.0, 9488.0, 3003.0, 9546.0, 3577.0, 3354.0
61.0, 20.0, 154246.0, 45373.0, 10141.0, 1352.0, 2196.0, 1638.0, 795.0, 869.0
69.0, 44.0, 19279.0, 7708.0, 6868.0, 1063.0, 7679.0, 7144.0, 2613.0, 2268.0
48.0, 27.0, 172505.0, 67110.0, 10044.0, 1609.0, 5490.0, 1131.0, 1374.0, 1615.0
38.0, 23.0, 92423.0, 4905.0, 760.0, 291.0, 842.0, 492.0, 226.0, 289.0
44.0, 26.0, 71508.0, 44048.0, 15632.0, 6599.0, 4270.0, 3363.0, 1390.0, 1339.0
47.0, 17.0, 165764.0, 89455.0, 34093.0, 13036.0, 7334.0, 17345.0, 5979.0, 5116.0
44.0, 21.0, 158122.0, 30267.0, 2344.0, 2326.0, 3365.0, 924.0, 346.0, 305.0
53.0, 21.0, 9039.0, 45577.0, 6431.0, 17771.0, 10793.0, 5310.0, 5382.0, 3201.0
41.0, 17.0, 626955.0, 151059.0, 11401.0, 15747.0, 19082.0, 5281.0, 9325.0, 5323.0
40.0, 23.0, 52371.0, 26483.0, 12385.0, 1393.0, 1385.0, 10484.0, 1862.0, 2572.0
51.0, 21.0, 111227.0, 56019.0, 18364.0, 2721.0, 2430.0, 1592.0, 420.0, 899.0
50.0, 34.0, 15729.0, 21936.0, 6857.0, 5443.0, 5464.0, 13361.0, 3235.0, 3908.0
61.0, 37.0, 474635.0, 156156.0, 66882.0, 12352.0, 15195.0, 10598.0, 2607.0, 5860.0
63.0, 23.0, 142651.0, 44958.0, 15802.0, 5626.0, 3721.0, 2948.0, 796.0, 1638.0
61.0, 43.0, 3327.0, 5390.0, 2462.0, 876.0, 2468.0, 3557.0, 2701.0, 4316.0
60.0, 29.0, 703992.0, 271759.0, 75823.0, 14957.0, 9361.0, 23980.0, 24001.0, 9699.0
61.0, 48.0, 64373.0, 9807.0, 5897.0, 7112.0, 5394.0, 12403.0, 5873.0, 2838.0
43.0, 53.0, 513570.0, 114115.0, 9266.0, 3309.0, 10622.0, 10486.0, 4491.0, 4867.0
38.0, 47.0, 274838.0, 90344.0, 20326.0, 3925.0, 19555.0, 16166.0, 8456.0, 4264.0
47.0, 54.0, 85413.0, 15386.0, 7606.0, 10644.0, 8815.0, 6469.0, 10192.0, 6294.0
41.0, 40.0, 158280.0, 109429.0, 8124.0, 38573.0, 19277.0, 9650.0, 12725.0, 9488.0
40.0, 40.0, 76575.0, 209529.0, 11852.0, 6737.0, 19760.0, 19851.0, 11966.0, 5009.0
47.0, 41.0, 34335.0, 21963.0, 3509.0, 5878.0, 1352.0, 6534.0, 6944.0, 6198.0
38.0, 29.0, 127988.0, 50521.0, 12649.0, 1813.0, 2165.0, 2363.0, 1057.0, 1594.0
37.0, 37.0, 180236.0, 57797.0, 13924.0, 10731.0, 11765.0, 12776.0, 8163.0, 6792.0
